%YAML:1.0
cameraMatrix: !!opencv-matrix
   rows: 3
   cols: 3
   dt: d
   data: [ 6.3539230276068702e+02, 0., 3.2640135545318213e+02, 0.,
       6.3562387083325223e+02, 2.3877019950552452e+02, 0., 0., 1. ]
imageSize_width: 640
imageSize_height: 480
sensorSize_width: 0
sensorSize_height: 0
distCoeffs: !!opencv-matrix
   rows: 5
   cols: 1
   dt: d
   data: [ 1.9594276392632290e-01, -1.5348419419497434e+00,
       -9.9526944606862238e-04, 2.2547123657756332e-03,
       3.7971976125391218e+00 ]
reprojectionError: 9.6651777625083923e-02
features:
   - [ 2.56914337e+02, 1.47633179e+02, 2.74739349e+02, 1.44468124e+02,
       2.93397766e+02, 1.41089615e+02, 3.12935272e+02, 1.37499084e+02,
       3.33624084e+02, 1.33700638e+02, 3.55397095e+02, 1.29738388e+02,
       3.78455963e+02, 1.25493118e+02, 2.54364365e+02, 1.71185410e+02,
       2.72175049e+02, 1.68461166e+02, 2.90745361e+02, 1.65655960e+02,
       3.10446716e+02, 1.62661301e+02, 3.31143005e+02, 1.59566635e+02,
       3.52825592e+02, 1.56332382e+02, 3.76196686e+02, 1.52691589e+02,
       2.51621887e+02, 1.94774170e+02, 2.69489899e+02, 1.92770508e+02,
       2.88229736e+02, 1.90563583e+02, 3.07766541e+02, 1.88257721e+02,
       3.28616852e+02, 1.85721817e+02, 3.50502106e+02, 1.83248535e+02,
       3.73679718e+02, 1.80400955e+02, 2.48829056e+02, 2.18783493e+02,
       2.66715332e+02, 2.17311874e+02, 2.85481171e+02, 2.15695633e+02,
       3.05243500e+02, 2.14093781e+02, 3.26063751e+02, 2.12273575e+02,
       3.48035400e+02, 2.10389069e+02, 3.71357269e+02, 2.08374878e+02,
       2.46162918e+02, 2.43158432e+02, 2.63911804e+02, 2.42249512e+02,
       2.82736664e+02, 2.41203827e+02, 3.02532593e+02, 2.40223999e+02,
       3.23489899e+02, 2.39095016e+02, 3.45507385e+02, 2.37858826e+02,
       3.68857910e+02, 2.36650253e+02, 2.43112366e+02, 2.67649475e+02,
       2.61171295e+02, 2.67410675e+02, 2.79926910e+02, 2.67143677e+02,
       2.99821777e+02, 2.66611389e+02, 3.20786011e+02, 2.66371887e+02,
       3.42992981e+02, 2.65765930e+02, 3.66492859e+02, 2.65568726e+02,
       2.40229019e+02, 2.92632599e+02, 2.58141937e+02, 2.93056885e+02,
       2.77193817e+02, 2.93345551e+02, 2.97057068e+02, 2.93579987e+02,
       3.18264374e+02, 2.93807617e+02, 3.40419891e+02, 2.94444000e+02,
       3.64178955e+02, 2.94690704e+02, 2.37074280e+02, 3.18278015e+02,
       2.55175507e+02, 3.19140228e+02, 2.74218353e+02, 3.20118347e+02,
       2.94278778e+02, 3.21178864e+02, 3.15459595e+02, 3.22367249e+02,
       3.37853058e+02, 3.23502258e+02, 3.61671021e+02, 3.24771545e+02,
       2.33915161e+02, 3.43926086e+02, 2.52040634e+02, 3.45666016e+02,
       2.71348969e+02, 3.47301849e+02, 2.91368439e+02, 3.49206085e+02,
       3.12638336e+02, 3.51102417e+02, 3.35228943e+02, 3.53183533e+02,
       3.59330444e+02, 3.55344727e+02, 2.30653809e+02, 3.70431824e+02,
       2.49026215e+02, 3.72652649e+02, 2.68222595e+02, 3.75209473e+02,
       2.88457214e+02, 3.77650635e+02, 3.09931274e+02, 3.80520844e+02,
       3.32583008e+02, 3.83425110e+02, 3.56796478e+02, 3.86596710e+02 ]
   - [ 2.50257919e+02, 1.48007721e+02, 2.67675995e+02, 1.44387253e+02,
       2.86282440e+02, 1.40402832e+02, 3.05554047e+02, 1.36363190e+02,
       3.26115326e+02, 1.32063385e+02, 3.47672821e+02, 1.27439980e+02,
       3.70596466e+02, 1.22468185e+02, 2.47923843e+02, 1.71663940e+02,
       2.65523254e+02, 1.68604675e+02, 2.84064880e+02, 1.65330368e+02,
       3.03482513e+02, 1.61844208e+02, 3.24055603e+02, 1.58245132e+02,
       3.45631226e+02, 1.54350800e+02, 3.68731445e+02, 1.50261093e+02,
       2.45676788e+02, 1.95627701e+02, 2.63381409e+02, 1.93264191e+02,
       2.81904541e+02, 1.90538925e+02, 3.01386993e+02, 1.87622620e+02,
       3.22038300e+02, 1.84692245e+02, 3.43706024e+02, 1.81559570e+02,
       3.66788239e+02, 1.78271835e+02, 2.43378510e+02, 2.19879684e+02,
       2.61161316e+02, 2.18060440e+02, 2.79646088e+02, 2.15900818e+02,
       2.99262390e+02, 2.13735062e+02, 3.19965027e+02, 2.11464417e+02,
       3.41701599e+02, 2.09141861e+02, 3.64922089e+02, 2.06518555e+02,
       2.41054184e+02, 2.44448578e+02, 2.58665924e+02, 2.43118164e+02,
       2.77478394e+02, 2.41641586e+02, 2.96951050e+02, 2.40254150e+02,
       3.17757111e+02, 2.38612686e+02, 3.39673401e+02, 2.37061157e+02,
       3.63093750e+02, 2.35229279e+02, 2.38433655e+02, 2.69433014e+02,
       2.56365356e+02, 2.68597961e+02, 2.75101837e+02, 2.67830048e+02,
       2.94844940e+02, 2.67059692e+02, 3.15606018e+02, 2.66324066e+02,
       3.37656372e+02, 2.65404297e+02, 3.61141083e+02, 2.64494141e+02,
       2.36097580e+02, 2.94583038e+02, 2.53749039e+02, 2.94554565e+02,
       2.72656311e+02, 2.94412933e+02, 2.92512604e+02, 2.94402344e+02,
       3.13515839e+02, 2.94241821e+02, 3.35628601e+02, 2.94216675e+02,
       3.59295410e+02, 2.94068665e+02, 2.33312973e+02, 3.20424103e+02,
       2.51312134e+02, 3.20759186e+02, 2.70263641e+02, 3.21556183e+02,
       2.90206757e+02, 3.22188995e+02, 3.11320435e+02, 3.22783630e+02,
       3.33578247e+02, 3.23551941e+02, 3.57404358e+02, 3.24512695e+02,
       2.30650040e+02, 3.46406799e+02, 2.48582977e+02, 3.47761597e+02,
       2.67766907e+02, 3.49070465e+02, 2.87658295e+02, 3.50490051e+02,
       3.09106995e+02, 3.51939331e+02, 3.31459503e+02, 3.53618530e+02,
       3.55489258e+02, 3.55435577e+02, 2.27967667e+02, 3.73157043e+02,
       2.46137665e+02, 3.75038116e+02, 2.65210114e+02, 3.77207703e+02,
       2.85368500e+02, 3.79398346e+02, 3.06764862e+02, 3.81761047e+02,
       3.29373444e+02, 3.84335724e+02, 3.53529114e+02, 3.87077881e+02 ]
   - [ 2.46292908e+02, 1.47484177e+02, 2.64281708e+02, 1.43943115e+02,
       2.82952332e+02, 1.40279297e+02, 3.02650604e+02, 1.36297470e+02,
       3.23572968e+02, 1.31969940e+02, 3.45521912e+02, 1.27552444e+02,
       3.68635071e+02, 1.22790901e+02, 2.44136475e+02, 1.71239273e+02,
       2.61952301e+02, 1.68246140e+02, 2.80894836e+02, 1.64989487e+02,
       3.00690918e+02, 1.61587357e+02, 3.21564453e+02, 1.58105988e+02,
       3.43525818e+02, 1.54344620e+02, 3.66866516e+02, 1.50353806e+02,
       2.41769989e+02, 1.95285400e+02, 2.59774170e+02, 1.92713867e+02,
       2.78825745e+02, 1.90190842e+02, 2.98590027e+02, 1.87367599e+02,
       3.19598511e+02, 1.84437424e+02, 3.41631470e+02, 1.81444809e+02,
       3.65141663e+02, 1.78244049e+02, 2.39480026e+02, 2.19452591e+02,
       2.57573730e+02, 2.17498520e+02, 2.76533661e+02, 2.15476425e+02,
       2.96509674e+02, 2.13397629e+02, 3.17562897e+02, 2.11157272e+02,
       3.39723267e+02, 2.08725693e+02, 3.63304474e+02, 2.06304871e+02,
       2.37178436e+02, 2.44058426e+02, 2.55330124e+02, 2.42596909e+02,
       2.74382812e+02, 2.41240646e+02, 2.94379852e+02, 2.39773392e+02,
       3.15528168e+02, 2.38248215e+02, 3.37781097e+02, 2.36554871e+02,
       3.61438446e+02, 2.34777863e+02, 2.34564743e+02, 2.68876434e+02,
       2.52861267e+02, 2.68212128e+02, 2.71924194e+02, 2.67437592e+02,
       2.92243530e+02, 2.66556580e+02, 3.13406525e+02, 2.65657806e+02,
       3.35793396e+02, 2.64700165e+02, 3.59621124e+02, 2.63815216e+02,
       2.32174042e+02, 2.94271149e+02, 2.50384460e+02, 2.94075073e+02,
       2.69714661e+02, 2.93741486e+02, 2.89885620e+02, 2.93671997e+02,
       3.11328674e+02, 2.93544250e+02, 3.33781738e+02, 2.93508026e+02,
       3.57723053e+02, 2.93413849e+02, 2.29464615e+02, 3.19941162e+02,
       2.47838776e+02, 3.20435638e+02, 2.67290283e+02, 3.20930695e+02,
       2.87589447e+02, 3.21511658e+02, 3.09148651e+02, 3.22272156e+02,
       3.31807251e+02, 3.22718811e+02, 3.55993011e+02, 3.23613068e+02,
       2.26879959e+02, 3.46096161e+02, 2.45272293e+02, 3.47371368e+02,
       2.64810913e+02, 3.48499786e+02, 2.85249603e+02, 3.49786255e+02,
       3.06987305e+02, 3.51274506e+02, 3.29741791e+02, 3.52739594e+02,
       3.54258301e+02, 3.54444244e+02, 2.24105682e+02, 3.72646729e+02,
       2.42701431e+02, 3.74560150e+02, 2.62293671e+02, 3.76685089e+02,
       2.82862488e+02, 3.78670685e+02, 3.04720123e+02, 3.80956299e+02,
